   520 			 x 					  y						 z 					area 
     1 -4.500000e+00 -2.550000e+01 0.000000e+00 1.000000e+00
     2 -4.500000e+00 -2.450000e+01 0.000000e+00 1.000000e+00
     3 -4.500000e+00 -2.350000e+01 0.000000e+00 1.000000e+00
     4 -4.500000e+00 -2.250000e+01 0.000000e+00 1.000000e+00
     5 -4.500000e+00 -2.150000e+01 0.000000e+00 1.000000e+00
     6 -4.500000e+00 -2.050000e+01 0.000000e+00 1.000000e+00
     7 -4.500000e+00 -1.950000e+01 0.000000e+00 1.000000e+00
     8 -4.500000e+00 -1.850000e+01 0.000000e+00 1.000000e+00
     9 -4.500000e+00 -1.750000e+01 0.000000e+00 1.000000e+00
    10 -4.500000e+00 -1.650000e+01 0.000000e+00 1.000000e+00
    11 -4.500000e+00 -1.550000e+01 0.000000e+00 1.000000e+00
    12 -4.500000e+00 -1.450000e+01 0.000000e+00 1.000000e+00
    13 -4.500000e+00 -1.350000e+01 0.000000e+00 1.000000e+00
    14 -4.500000e+00 -1.250000e+01 0.000000e+00 1.000000e+00
    15 -4.500000e+00 -1.150000e+01 0.000000e+00 1.000000e+00
    16 -4.500000e+00 -1.050000e+01 0.000000e+00 1.000000e+00
    17 -4.500000e+00 -9.500000e+00 0.000000e+00 1.000000e+00
    18 -4.500000e+00 -8.500000e+00 0.000000e+00 1.000000e+00
    19 -4.500000e+00 -7.500000e+00 0.000000e+00 1.000000e+00
    20 -4.500000e+00 -6.500000e+00 0.000000e+00 1.000000e+00
    21 -4.500000e+00 -5.500000e+00 0.000000e+00 1.000000e+00
    22 -4.500000e+00 -4.500000e+00 0.000000e+00 1.000000e+00
    23 -4.500000e+00 -3.500000e+00 0.000000e+00 1.000000e+00
    24 -4.500000e+00 -2.500000e+00 0.000000e+00 1.000000e+00
    25 -4.500000e+00 -1.500000e+00 0.000000e+00 1.000000e+00
    26 -4.500000e+00 -5.000000e-01 0.000000e+00 1.000000e+00
    27 -4.500000e+00 5.000000e-01 0.000000e+00 1.000000e+00
    28 -4.500000e+00 1.500000e+00 0.000000e+00 1.000000e+00
    29 -4.500000e+00 2.500000e+00 0.000000e+00 1.000000e+00
    30 -4.500000e+00 3.500000e+00 0.000000e+00 1.000000e+00
    31 -4.500000e+00 4.500000e+00 0.000000e+00 1.000000e+00
    32 -4.500000e+00 5.500000e+00 0.000000e+00 1.000000e+00
    33 -4.500000e+00 6.500000e+00 0.000000e+00 1.000000e+00
    34 -4.500000e+00 7.500000e+00 0.000000e+00 1.000000e+00
    35 -4.500000e+00 8.500000e+00 0.000000e+00 1.000000e+00
    36 -4.500000e+00 9.500000e+00 0.000000e+00 1.000000e+00
    37 -4.500000e+00 1.050000e+01 0.000000e+00 1.000000e+00
    38 -4.500000e+00 1.150000e+01 0.000000e+00 1.000000e+00
    39 -4.500000e+00 1.250000e+01 0.000000e+00 1.000000e+00
    40 -4.500000e+00 1.350000e+01 0.000000e+00 1.000000e+00
    41 -4.500000e+00 1.450000e+01 0.000000e+00 1.000000e+00
    42 -4.500000e+00 1.550000e+01 0.000000e+00 1.000000e+00
    43 -4.500000e+00 1.650000e+01 0.000000e+00 1.000000e+00
    44 -4.500000e+00 1.750000e+01 0.000000e+00 1.000000e+00
    45 -4.500000e+00 1.850000e+01 0.000000e+00 1.000000e+00
    46 -4.500000e+00 1.950000e+01 0.000000e+00 1.000000e+00
    47 -4.500000e+00 2.050000e+01 0.000000e+00 1.000000e+00
    48 -4.500000e+00 2.150000e+01 0.000000e+00 1.000000e+00
    49 -4.500000e+00 2.250000e+01 0.000000e+00 1.000000e+00
    50 -4.500000e+00 2.350000e+01 0.000000e+00 1.000000e+00
    51 -4.500000e+00 2.450000e+01 0.000000e+00 1.000000e+00
    52 -4.500000e+00 2.550000e+01 0.000000e+00 1.000000e+00
    53 -3.500000e+00 -2.550000e+01 0.000000e+00 1.000000e+00
    54 -3.500000e+00 -2.450000e+01 0.000000e+00 1.000000e+00
    55 -3.500000e+00 -2.350000e+01 0.000000e+00 1.000000e+00
    56 -3.500000e+00 -2.250000e+01 0.000000e+00 1.000000e+00
    57 -3.500000e+00 -2.150000e+01 0.000000e+00 1.000000e+00
    58 -3.500000e+00 -2.050000e+01 0.000000e+00 1.000000e+00
    59 -3.500000e+00 -1.950000e+01 0.000000e+00 1.000000e+00
    60 -3.500000e+00 -1.850000e+01 0.000000e+00 1.000000e+00
    61 -3.500000e+00 -1.750000e+01 0.000000e+00 1.000000e+00
    62 -3.500000e+00 -1.650000e+01 0.000000e+00 1.000000e+00
    63 -3.500000e+00 -1.550000e+01 0.000000e+00 1.000000e+00
    64 -3.500000e+00 -1.450000e+01 0.000000e+00 1.000000e+00
    65 -3.500000e+00 -1.350000e+01 0.000000e+00 1.000000e+00
    66 -3.500000e+00 -1.250000e+01 0.000000e+00 1.000000e+00
    67 -3.500000e+00 -1.150000e+01 0.000000e+00 1.000000e+00
    68 -3.500000e+00 -1.050000e+01 0.000000e+00 1.000000e+00
    69 -3.500000e+00 -9.500000e+00 0.000000e+00 1.000000e+00
    70 -3.500000e+00 -8.500000e+00 0.000000e+00 1.000000e+00
    71 -3.500000e+00 -7.500000e+00 0.000000e+00 1.000000e+00
    72 -3.500000e+00 -6.500000e+00 0.000000e+00 1.000000e+00
    73 -3.500000e+00 -5.500000e+00 0.000000e+00 1.000000e+00
    74 -3.500000e+00 -4.500000e+00 0.000000e+00 1.000000e+00
    75 -3.500000e+00 -3.500000e+00 0.000000e+00 1.000000e+00
    76 -3.500000e+00 -2.500000e+00 0.000000e+00 1.000000e+00
    77 -3.500000e+00 -1.500000e+00 0.000000e+00 1.000000e+00
    78 -3.500000e+00 -5.000000e-01 0.000000e+00 1.000000e+00
    79 -3.500000e+00 5.000000e-01 0.000000e+00 1.000000e+00
    80 -3.500000e+00 1.500000e+00 0.000000e+00 1.000000e+00
    81 -3.500000e+00 2.500000e+00 0.000000e+00 1.000000e+00
    82 -3.500000e+00 3.500000e+00 0.000000e+00 1.000000e+00
    83 -3.500000e+00 4.500000e+00 0.000000e+00 1.000000e+00
    84 -3.500000e+00 5.500000e+00 0.000000e+00 1.000000e+00
    85 -3.500000e+00 6.500000e+00 0.000000e+00 1.000000e+00
    86 -3.500000e+00 7.500000e+00 0.000000e+00 1.000000e+00
    87 -3.500000e+00 8.500000e+00 0.000000e+00 1.000000e+00
    88 -3.500000e+00 9.500000e+00 0.000000e+00 1.000000e+00
    89 -3.500000e+00 1.050000e+01 0.000000e+00 1.000000e+00
    90 -3.500000e+00 1.150000e+01 0.000000e+00 1.000000e+00
    91 -3.500000e+00 1.250000e+01 0.000000e+00 1.000000e+00
    92 -3.500000e+00 1.350000e+01 0.000000e+00 1.000000e+00
    93 -3.500000e+00 1.450000e+01 0.000000e+00 1.000000e+00
    94 -3.500000e+00 1.550000e+01 0.000000e+00 1.000000e+00
    95 -3.500000e+00 1.650000e+01 0.000000e+00 1.000000e+00
    96 -3.500000e+00 1.750000e+01 0.000000e+00 1.000000e+00
    97 -3.500000e+00 1.850000e+01 0.000000e+00 1.000000e+00
    98 -3.500000e+00 1.950000e+01 0.000000e+00 1.000000e+00
    99 -3.500000e+00 2.050000e+01 0.000000e+00 1.000000e+00
   100 -3.500000e+00 2.150000e+01 0.000000e+00 1.000000e+00
   101 -3.500000e+00 2.250000e+01 0.000000e+00 1.000000e+00
   102 -3.500000e+00 2.350000e+01 0.000000e+00 1.000000e+00
   103 -3.500000e+00 2.450000e+01 0.000000e+00 1.000000e+00
   104 -3.500000e+00 2.550000e+01 0.000000e+00 1.000000e+00
   105 -2.500000e+00 -2.550000e+01 0.000000e+00 1.000000e+00
   106 -2.500000e+00 -2.450000e+01 0.000000e+00 1.000000e+00
   107 -2.500000e+00 -2.350000e+01 0.000000e+00 1.000000e+00
   108 -2.500000e+00 -2.250000e+01 0.000000e+00 1.000000e+00
   109 -2.500000e+00 -2.150000e+01 0.000000e+00 1.000000e+00
   110 -2.500000e+00 -2.050000e+01 0.000000e+00 1.000000e+00
   111 -2.500000e+00 -1.950000e+01 0.000000e+00 1.000000e+00
   112 -2.500000e+00 -1.850000e+01 0.000000e+00 1.000000e+00
   113 -2.500000e+00 -1.750000e+01 0.000000e+00 1.000000e+00
   114 -2.500000e+00 -1.650000e+01 0.000000e+00 1.000000e+00
   115 -2.500000e+00 -1.550000e+01 0.000000e+00 1.000000e+00
   116 -2.500000e+00 -1.450000e+01 0.000000e+00 1.000000e+00
   117 -2.500000e+00 -1.350000e+01 0.000000e+00 1.000000e+00
   118 -2.500000e+00 -1.250000e+01 0.000000e+00 1.000000e+00
   119 -2.500000e+00 -1.150000e+01 0.000000e+00 1.000000e+00
   120 -2.500000e+00 -1.050000e+01 0.000000e+00 1.000000e+00
   121 -2.500000e+00 -9.500000e+00 0.000000e+00 1.000000e+00
   122 -2.500000e+00 -8.500000e+00 0.000000e+00 1.000000e+00
   123 -2.500000e+00 -7.500000e+00 0.000000e+00 1.000000e+00
   124 -2.500000e+00 -6.500000e+00 0.000000e+00 1.000000e+00
   125 -2.500000e+00 -5.500000e+00 0.000000e+00 1.000000e+00
   126 -2.500000e+00 -4.500000e+00 0.000000e+00 1.000000e+00
   127 -2.500000e+00 -3.500000e+00 0.000000e+00 1.000000e+00
   128 -2.500000e+00 -2.500000e+00 0.000000e+00 1.000000e+00
   129 -2.500000e+00 -1.500000e+00 0.000000e+00 1.000000e+00
   130 -2.500000e+00 -5.000000e-01 0.000000e+00 1.000000e+00
   131 -2.500000e+00 5.000000e-01 0.000000e+00 1.000000e+00
   132 -2.500000e+00 1.500000e+00 0.000000e+00 1.000000e+00
   133 -2.500000e+00 2.500000e+00 0.000000e+00 1.000000e+00
   134 -2.500000e+00 3.500000e+00 0.000000e+00 1.000000e+00
   135 -2.500000e+00 4.500000e+00 0.000000e+00 1.000000e+00
   136 -2.500000e+00 5.500000e+00 0.000000e+00 1.000000e+00
   137 -2.500000e+00 6.500000e+00 0.000000e+00 1.000000e+00
   138 -2.500000e+00 7.500000e+00 0.000000e+00 1.000000e+00
   139 -2.500000e+00 8.500000e+00 0.000000e+00 1.000000e+00
   140 -2.500000e+00 9.500000e+00 0.000000e+00 1.000000e+00
   141 -2.500000e+00 1.050000e+01 0.000000e+00 1.000000e+00
   142 -2.500000e+00 1.150000e+01 0.000000e+00 1.000000e+00
   143 -2.500000e+00 1.250000e+01 0.000000e+00 1.000000e+00
   144 -2.500000e+00 1.350000e+01 0.000000e+00 1.000000e+00
   145 -2.500000e+00 1.450000e+01 0.000000e+00 1.000000e+00
   146 -2.500000e+00 1.550000e+01 0.000000e+00 1.000000e+00
   147 -2.500000e+00 1.650000e+01 0.000000e+00 1.000000e+00
   148 -2.500000e+00 1.750000e+01 0.000000e+00 1.000000e+00
   149 -2.500000e+00 1.850000e+01 0.000000e+00 1.000000e+00
   150 -2.500000e+00 1.950000e+01 0.000000e+00 1.000000e+00
   151 -2.500000e+00 2.050000e+01 0.000000e+00 1.000000e+00
   152 -2.500000e+00 2.150000e+01 0.000000e+00 1.000000e+00
   153 -2.500000e+00 2.250000e+01 0.000000e+00 1.000000e+00
   154 -2.500000e+00 2.350000e+01 0.000000e+00 1.000000e+00
   155 -2.500000e+00 2.450000e+01 0.000000e+00 1.000000e+00
   156 -2.500000e+00 2.550000e+01 0.000000e+00 1.000000e+00
   157 -1.500000e+00 -2.550000e+01 0.000000e+00 1.000000e+00
   158 -1.500000e+00 -2.450000e+01 0.000000e+00 1.000000e+00
   159 -1.500000e+00 -2.350000e+01 0.000000e+00 1.000000e+00
   160 -1.500000e+00 -2.250000e+01 0.000000e+00 1.000000e+00
   161 -1.500000e+00 -2.150000e+01 0.000000e+00 1.000000e+00
   162 -1.500000e+00 -2.050000e+01 0.000000e+00 1.000000e+00
   163 -1.500000e+00 -1.950000e+01 0.000000e+00 1.000000e+00
   164 -1.500000e+00 -1.850000e+01 0.000000e+00 1.000000e+00
   165 -1.500000e+00 -1.750000e+01 0.000000e+00 1.000000e+00
   166 -1.500000e+00 -1.650000e+01 0.000000e+00 1.000000e+00
   167 -1.500000e+00 -1.550000e+01 0.000000e+00 1.000000e+00
   168 -1.500000e+00 -1.450000e+01 0.000000e+00 1.000000e+00
   169 -1.500000e+00 -1.350000e+01 0.000000e+00 1.000000e+00
   170 -1.500000e+00 -1.250000e+01 0.000000e+00 1.000000e+00
   171 -1.500000e+00 -1.150000e+01 0.000000e+00 1.000000e+00
   172 -1.500000e+00 -1.050000e+01 0.000000e+00 1.000000e+00
   173 -1.500000e+00 -9.500000e+00 0.000000e+00 1.000000e+00
   174 -1.500000e+00 -8.500000e+00 0.000000e+00 1.000000e+00
   175 -1.500000e+00 -7.500000e+00 0.000000e+00 1.000000e+00
   176 -1.500000e+00 -6.500000e+00 0.000000e+00 1.000000e+00
   177 -1.500000e+00 -5.500000e+00 0.000000e+00 1.000000e+00
   178 -1.500000e+00 -4.500000e+00 0.000000e+00 1.000000e+00
   179 -1.500000e+00 -3.500000e+00 0.000000e+00 1.000000e+00
   180 -1.500000e+00 -2.500000e+00 0.000000e+00 1.000000e+00
   181 -1.500000e+00 -1.500000e+00 0.000000e+00 1.000000e+00
   182 -1.500000e+00 -5.000000e-01 0.000000e+00 1.000000e+00
   183 -1.500000e+00 5.000000e-01 0.000000e+00 1.000000e+00
   184 -1.500000e+00 1.500000e+00 0.000000e+00 1.000000e+00
   185 -1.500000e+00 2.500000e+00 0.000000e+00 1.000000e+00
   186 -1.500000e+00 3.500000e+00 0.000000e+00 1.000000e+00
   187 -1.500000e+00 4.500000e+00 0.000000e+00 1.000000e+00
   188 -1.500000e+00 5.500000e+00 0.000000e+00 1.000000e+00
   189 -1.500000e+00 6.500000e+00 0.000000e+00 1.000000e+00
   190 -1.500000e+00 7.500000e+00 0.000000e+00 1.000000e+00
   191 -1.500000e+00 8.500000e+00 0.000000e+00 1.000000e+00
   192 -1.500000e+00 9.500000e+00 0.000000e+00 1.000000e+00
   193 -1.500000e+00 1.050000e+01 0.000000e+00 1.000000e+00
   194 -1.500000e+00 1.150000e+01 0.000000e+00 1.000000e+00
   195 -1.500000e+00 1.250000e+01 0.000000e+00 1.000000e+00
   196 -1.500000e+00 1.350000e+01 0.000000e+00 1.000000e+00
   197 -1.500000e+00 1.450000e+01 0.000000e+00 1.000000e+00
   198 -1.500000e+00 1.550000e+01 0.000000e+00 1.000000e+00
   199 -1.500000e+00 1.650000e+01 0.000000e+00 1.000000e+00
   200 -1.500000e+00 1.750000e+01 0.000000e+00 1.000000e+00
   201 -1.500000e+00 1.850000e+01 0.000000e+00 1.000000e+00
   202 -1.500000e+00 1.950000e+01 0.000000e+00 1.000000e+00
   203 -1.500000e+00 2.050000e+01 0.000000e+00 1.000000e+00
   204 -1.500000e+00 2.150000e+01 0.000000e+00 1.000000e+00
   205 -1.500000e+00 2.250000e+01 0.000000e+00 1.000000e+00
   206 -1.500000e+00 2.350000e+01 0.000000e+00 1.000000e+00
   207 -1.500000e+00 2.450000e+01 0.000000e+00 1.000000e+00
   208 -1.500000e+00 2.550000e+01 0.000000e+00 1.000000e+00
   209 -5.000000e-01 -2.550000e+01 0.000000e+00 1.000000e+00
   210 -5.000000e-01 -2.450000e+01 0.000000e+00 1.000000e+00
   211 -5.000000e-01 -2.350000e+01 0.000000e+00 1.000000e+00
   212 -5.000000e-01 -2.250000e+01 0.000000e+00 1.000000e+00
   213 -5.000000e-01 -2.150000e+01 0.000000e+00 1.000000e+00
   214 -5.000000e-01 -2.050000e+01 0.000000e+00 1.000000e+00
   215 -5.000000e-01 -1.950000e+01 0.000000e+00 1.000000e+00
   216 -5.000000e-01 -1.850000e+01 0.000000e+00 1.000000e+00
   217 -5.000000e-01 -1.750000e+01 0.000000e+00 1.000000e+00
   218 -5.000000e-01 -1.650000e+01 0.000000e+00 1.000000e+00
   219 -5.000000e-01 -1.550000e+01 0.000000e+00 1.000000e+00
   220 -5.000000e-01 -1.450000e+01 0.000000e+00 1.000000e+00
   221 -5.000000e-01 -1.350000e+01 0.000000e+00 1.000000e+00
   222 -5.000000e-01 -1.250000e+01 0.000000e+00 1.000000e+00
   223 -5.000000e-01 -1.150000e+01 0.000000e+00 1.000000e+00
   224 -5.000000e-01 -1.050000e+01 0.000000e+00 1.000000e+00
   225 -5.000000e-01 -9.500000e+00 0.000000e+00 1.000000e+00
   226 -5.000000e-01 -8.500000e+00 0.000000e+00 1.000000e+00
   227 -5.000000e-01 -7.500000e+00 0.000000e+00 1.000000e+00
   228 -5.000000e-01 -6.500000e+00 0.000000e+00 1.000000e+00
   229 -5.000000e-01 -5.500000e+00 0.000000e+00 1.000000e+00
   230 -5.000000e-01 -4.500000e+00 0.000000e+00 1.000000e+00
   231 -5.000000e-01 -3.500000e+00 0.000000e+00 1.000000e+00
   232 -5.000000e-01 -2.500000e+00 0.000000e+00 1.000000e+00
   233 -5.000000e-01 -1.500000e+00 0.000000e+00 1.000000e+00
   234 -5.000000e-01 -5.000000e-01 0.000000e+00 1.000000e+00
   235 -5.000000e-01 5.000000e-01 0.000000e+00 1.000000e+00
   236 -5.000000e-01 1.500000e+00 0.000000e+00 1.000000e+00
   237 -5.000000e-01 2.500000e+00 0.000000e+00 1.000000e+00
   238 -5.000000e-01 3.500000e+00 0.000000e+00 1.000000e+00
   239 -5.000000e-01 4.500000e+00 0.000000e+00 1.000000e+00
   240 -5.000000e-01 5.500000e+00 0.000000e+00 1.000000e+00
   241 -5.000000e-01 6.500000e+00 0.000000e+00 1.000000e+00
   242 -5.000000e-01 7.500000e+00 0.000000e+00 1.000000e+00
   243 -5.000000e-01 8.500000e+00 0.000000e+00 1.000000e+00
   244 -5.000000e-01 9.500000e+00 0.000000e+00 1.000000e+00
   245 -5.000000e-01 1.050000e+01 0.000000e+00 1.000000e+00
   246 -5.000000e-01 1.150000e+01 0.000000e+00 1.000000e+00
   247 -5.000000e-01 1.250000e+01 0.000000e+00 1.000000e+00
   248 -5.000000e-01 1.350000e+01 0.000000e+00 1.000000e+00
   249 -5.000000e-01 1.450000e+01 0.000000e+00 1.000000e+00
   250 -5.000000e-01 1.550000e+01 0.000000e+00 1.000000e+00
   251 -5.000000e-01 1.650000e+01 0.000000e+00 1.000000e+00
   252 -5.000000e-01 1.750000e+01 0.000000e+00 1.000000e+00
   253 -5.000000e-01 1.850000e+01 0.000000e+00 1.000000e+00
   254 -5.000000e-01 1.950000e+01 0.000000e+00 1.000000e+00
   255 -5.000000e-01 2.050000e+01 0.000000e+00 1.000000e+00
   256 -5.000000e-01 2.150000e+01 0.000000e+00 1.000000e+00
   257 -5.000000e-01 2.250000e+01 0.000000e+00 1.000000e+00
   258 -5.000000e-01 2.350000e+01 0.000000e+00 1.000000e+00
   259 -5.000000e-01 2.450000e+01 0.000000e+00 1.000000e+00
   260 -5.000000e-01 2.550000e+01 0.000000e+00 1.000000e+00
   261 5.000000e-01 -2.550000e+01 0.000000e+00 1.000000e+00
   262 5.000000e-01 -2.450000e+01 0.000000e+00 1.000000e+00
   263 5.000000e-01 -2.350000e+01 0.000000e+00 1.000000e+00
   264 5.000000e-01 -2.250000e+01 0.000000e+00 1.000000e+00
   265 5.000000e-01 -2.150000e+01 0.000000e+00 1.000000e+00
   266 5.000000e-01 -2.050000e+01 0.000000e+00 1.000000e+00
   267 5.000000e-01 -1.950000e+01 0.000000e+00 1.000000e+00
   268 5.000000e-01 -1.850000e+01 0.000000e+00 1.000000e+00
   269 5.000000e-01 -1.750000e+01 0.000000e+00 1.000000e+00
   270 5.000000e-01 -1.650000e+01 0.000000e+00 1.000000e+00
   271 5.000000e-01 -1.550000e+01 0.000000e+00 1.000000e+00
   272 5.000000e-01 -1.450000e+01 0.000000e+00 1.000000e+00
   273 5.000000e-01 -1.350000e+01 0.000000e+00 1.000000e+00
   274 5.000000e-01 -1.250000e+01 0.000000e+00 1.000000e+00
   275 5.000000e-01 -1.150000e+01 0.000000e+00 1.000000e+00
   276 5.000000e-01 -1.050000e+01 0.000000e+00 1.000000e+00
   277 5.000000e-01 -9.500000e+00 0.000000e+00 1.000000e+00
   278 5.000000e-01 -8.500000e+00 0.000000e+00 1.000000e+00
   279 5.000000e-01 -7.500000e+00 0.000000e+00 1.000000e+00
   280 5.000000e-01 -6.500000e+00 0.000000e+00 1.000000e+00
   281 5.000000e-01 -5.500000e+00 0.000000e+00 1.000000e+00
   282 5.000000e-01 -4.500000e+00 0.000000e+00 1.000000e+00
   283 5.000000e-01 -3.500000e+00 0.000000e+00 1.000000e+00
   284 5.000000e-01 -2.500000e+00 0.000000e+00 1.000000e+00
   285 5.000000e-01 -1.500000e+00 0.000000e+00 1.000000e+00
   286 5.000000e-01 -5.000000e-01 0.000000e+00 1.000000e+00
   287 5.000000e-01 5.000000e-01 0.000000e+00 1.000000e+00
   288 5.000000e-01 1.500000e+00 0.000000e+00 1.000000e+00
   289 5.000000e-01 2.500000e+00 0.000000e+00 1.000000e+00
   290 5.000000e-01 3.500000e+00 0.000000e+00 1.000000e+00
   291 5.000000e-01 4.500000e+00 0.000000e+00 1.000000e+00
   292 5.000000e-01 5.500000e+00 0.000000e+00 1.000000e+00
   293 5.000000e-01 6.500000e+00 0.000000e+00 1.000000e+00
   294 5.000000e-01 7.500000e+00 0.000000e+00 1.000000e+00
   295 5.000000e-01 8.500000e+00 0.000000e+00 1.000000e+00
   296 5.000000e-01 9.500000e+00 0.000000e+00 1.000000e+00
   297 5.000000e-01 1.050000e+01 0.000000e+00 1.000000e+00
   298 5.000000e-01 1.150000e+01 0.000000e+00 1.000000e+00
   299 5.000000e-01 1.250000e+01 0.000000e+00 1.000000e+00
   300 5.000000e-01 1.350000e+01 0.000000e+00 1.000000e+00
   301 5.000000e-01 1.450000e+01 0.000000e+00 1.000000e+00
   302 5.000000e-01 1.550000e+01 0.000000e+00 1.000000e+00
   303 5.000000e-01 1.650000e+01 0.000000e+00 1.000000e+00
   304 5.000000e-01 1.750000e+01 0.000000e+00 1.000000e+00
   305 5.000000e-01 1.850000e+01 0.000000e+00 1.000000e+00
   306 5.000000e-01 1.950000e+01 0.000000e+00 1.000000e+00
   307 5.000000e-01 2.050000e+01 0.000000e+00 1.000000e+00
   308 5.000000e-01 2.150000e+01 0.000000e+00 1.000000e+00
   309 5.000000e-01 2.250000e+01 0.000000e+00 1.000000e+00
   310 5.000000e-01 2.350000e+01 0.000000e+00 1.000000e+00
   311 5.000000e-01 2.450000e+01 0.000000e+00 1.000000e+00
   312 5.000000e-01 2.550000e+01 0.000000e+00 1.000000e+00
   313 1.500000e+00 -2.550000e+01 0.000000e+00 1.000000e+00
   314 1.500000e+00 -2.450000e+01 0.000000e+00 1.000000e+00
   315 1.500000e+00 -2.350000e+01 0.000000e+00 1.000000e+00
   316 1.500000e+00 -2.250000e+01 0.000000e+00 1.000000e+00
   317 1.500000e+00 -2.150000e+01 0.000000e+00 1.000000e+00
   318 1.500000e+00 -2.050000e+01 0.000000e+00 1.000000e+00
   319 1.500000e+00 -1.950000e+01 0.000000e+00 1.000000e+00
   320 1.500000e+00 -1.850000e+01 0.000000e+00 1.000000e+00
   321 1.500000e+00 -1.750000e+01 0.000000e+00 1.000000e+00
   322 1.500000e+00 -1.650000e+01 0.000000e+00 1.000000e+00
   323 1.500000e+00 -1.550000e+01 0.000000e+00 1.000000e+00
   324 1.500000e+00 -1.450000e+01 0.000000e+00 1.000000e+00
   325 1.500000e+00 -1.350000e+01 0.000000e+00 1.000000e+00
   326 1.500000e+00 -1.250000e+01 0.000000e+00 1.000000e+00
   327 1.500000e+00 -1.150000e+01 0.000000e+00 1.000000e+00
   328 1.500000e+00 -1.050000e+01 0.000000e+00 1.000000e+00
   329 1.500000e+00 -9.500000e+00 0.000000e+00 1.000000e+00
   330 1.500000e+00 -8.500000e+00 0.000000e+00 1.000000e+00
   331 1.500000e+00 -7.500000e+00 0.000000e+00 1.000000e+00
   332 1.500000e+00 -6.500000e+00 0.000000e+00 1.000000e+00
   333 1.500000e+00 -5.500000e+00 0.000000e+00 1.000000e+00
   334 1.500000e+00 -4.500000e+00 0.000000e+00 1.000000e+00
   335 1.500000e+00 -3.500000e+00 0.000000e+00 1.000000e+00
   336 1.500000e+00 -2.500000e+00 0.000000e+00 1.000000e+00
   337 1.500000e+00 -1.500000e+00 0.000000e+00 1.000000e+00
   338 1.500000e+00 -5.000000e-01 0.000000e+00 1.000000e+00
   339 1.500000e+00 5.000000e-01 0.000000e+00 1.000000e+00
   340 1.500000e+00 1.500000e+00 0.000000e+00 1.000000e+00
   341 1.500000e+00 2.500000e+00 0.000000e+00 1.000000e+00
   342 1.500000e+00 3.500000e+00 0.000000e+00 1.000000e+00
   343 1.500000e+00 4.500000e+00 0.000000e+00 1.000000e+00
   344 1.500000e+00 5.500000e+00 0.000000e+00 1.000000e+00
   345 1.500000e+00 6.500000e+00 0.000000e+00 1.000000e+00
   346 1.500000e+00 7.500000e+00 0.000000e+00 1.000000e+00
   347 1.500000e+00 8.500000e+00 0.000000e+00 1.000000e+00
   348 1.500000e+00 9.500000e+00 0.000000e+00 1.000000e+00
   349 1.500000e+00 1.050000e+01 0.000000e+00 1.000000e+00
   350 1.500000e+00 1.150000e+01 0.000000e+00 1.000000e+00
   351 1.500000e+00 1.250000e+01 0.000000e+00 1.000000e+00
   352 1.500000e+00 1.350000e+01 0.000000e+00 1.000000e+00
   353 1.500000e+00 1.450000e+01 0.000000e+00 1.000000e+00
   354 1.500000e+00 1.550000e+01 0.000000e+00 1.000000e+00
   355 1.500000e+00 1.650000e+01 0.000000e+00 1.000000e+00
   356 1.500000e+00 1.750000e+01 0.000000e+00 1.000000e+00
   357 1.500000e+00 1.850000e+01 0.000000e+00 1.000000e+00
   358 1.500000e+00 1.950000e+01 0.000000e+00 1.000000e+00
   359 1.500000e+00 2.050000e+01 0.000000e+00 1.000000e+00
   360 1.500000e+00 2.150000e+01 0.000000e+00 1.000000e+00
   361 1.500000e+00 2.250000e+01 0.000000e+00 1.000000e+00
   362 1.500000e+00 2.350000e+01 0.000000e+00 1.000000e+00
   363 1.500000e+00 2.450000e+01 0.000000e+00 1.000000e+00
   364 1.500000e+00 2.550000e+01 0.000000e+00 1.000000e+00
   365 2.500000e+00 -2.550000e+01 0.000000e+00 1.000000e+00
   366 2.500000e+00 -2.450000e+01 0.000000e+00 1.000000e+00
   367 2.500000e+00 -2.350000e+01 0.000000e+00 1.000000e+00
   368 2.500000e+00 -2.250000e+01 0.000000e+00 1.000000e+00
   369 2.500000e+00 -2.150000e+01 0.000000e+00 1.000000e+00
   370 2.500000e+00 -2.050000e+01 0.000000e+00 1.000000e+00
   371 2.500000e+00 -1.950000e+01 0.000000e+00 1.000000e+00
   372 2.500000e+00 -1.850000e+01 0.000000e+00 1.000000e+00
   373 2.500000e+00 -1.750000e+01 0.000000e+00 1.000000e+00
   374 2.500000e+00 -1.650000e+01 0.000000e+00 1.000000e+00
   375 2.500000e+00 -1.550000e+01 0.000000e+00 1.000000e+00
   376 2.500000e+00 -1.450000e+01 0.000000e+00 1.000000e+00
   377 2.500000e+00 -1.350000e+01 0.000000e+00 1.000000e+00
   378 2.500000e+00 -1.250000e+01 0.000000e+00 1.000000e+00
   379 2.500000e+00 -1.150000e+01 0.000000e+00 1.000000e+00
   380 2.500000e+00 -1.050000e+01 0.000000e+00 1.000000e+00
   381 2.500000e+00 -9.500000e+00 0.000000e+00 1.000000e+00
   382 2.500000e+00 -8.500000e+00 0.000000e+00 1.000000e+00
   383 2.500000e+00 -7.500000e+00 0.000000e+00 1.000000e+00
   384 2.500000e+00 -6.500000e+00 0.000000e+00 1.000000e+00
   385 2.500000e+00 -5.500000e+00 0.000000e+00 1.000000e+00
   386 2.500000e+00 -4.500000e+00 0.000000e+00 1.000000e+00
   387 2.500000e+00 -3.500000e+00 0.000000e+00 1.000000e+00
   388 2.500000e+00 -2.500000e+00 0.000000e+00 1.000000e+00
   389 2.500000e+00 -1.500000e+00 0.000000e+00 1.000000e+00
   390 2.500000e+00 -5.000000e-01 0.000000e+00 1.000000e+00
   391 2.500000e+00 5.000000e-01 0.000000e+00 1.000000e+00
   392 2.500000e+00 1.500000e+00 0.000000e+00 1.000000e+00
   393 2.500000e+00 2.500000e+00 0.000000e+00 1.000000e+00
   394 2.500000e+00 3.500000e+00 0.000000e+00 1.000000e+00
   395 2.500000e+00 4.500000e+00 0.000000e+00 1.000000e+00
   396 2.500000e+00 5.500000e+00 0.000000e+00 1.000000e+00
   397 2.500000e+00 6.500000e+00 0.000000e+00 1.000000e+00
   398 2.500000e+00 7.500000e+00 0.000000e+00 1.000000e+00
   399 2.500000e+00 8.500000e+00 0.000000e+00 1.000000e+00
   400 2.500000e+00 9.500000e+00 0.000000e+00 1.000000e+00
   401 2.500000e+00 1.050000e+01 0.000000e+00 1.000000e+00
   402 2.500000e+00 1.150000e+01 0.000000e+00 1.000000e+00
   403 2.500000e+00 1.250000e+01 0.000000e+00 1.000000e+00
   404 2.500000e+00 1.350000e+01 0.000000e+00 1.000000e+00
   405 2.500000e+00 1.450000e+01 0.000000e+00 1.000000e+00
   406 2.500000e+00 1.550000e+01 0.000000e+00 1.000000e+00
   407 2.500000e+00 1.650000e+01 0.000000e+00 1.000000e+00
   408 2.500000e+00 1.750000e+01 0.000000e+00 1.000000e+00
   409 2.500000e+00 1.850000e+01 0.000000e+00 1.000000e+00
   410 2.500000e+00 1.950000e+01 0.000000e+00 1.000000e+00
   411 2.500000e+00 2.050000e+01 0.000000e+00 1.000000e+00
   412 2.500000e+00 2.150000e+01 0.000000e+00 1.000000e+00
   413 2.500000e+00 2.250000e+01 0.000000e+00 1.000000e+00
   414 2.500000e+00 2.350000e+01 0.000000e+00 1.000000e+00
   415 2.500000e+00 2.450000e+01 0.000000e+00 1.000000e+00
   416 2.500000e+00 2.550000e+01 0.000000e+00 1.000000e+00
   417 3.500000e+00 -2.550000e+01 0.000000e+00 1.000000e+00
   418 3.500000e+00 -2.450000e+01 0.000000e+00 1.000000e+00
   419 3.500000e+00 -2.350000e+01 0.000000e+00 1.000000e+00
   420 3.500000e+00 -2.250000e+01 0.000000e+00 1.000000e+00
   421 3.500000e+00 -2.150000e+01 0.000000e+00 1.000000e+00
   422 3.500000e+00 -2.050000e+01 0.000000e+00 1.000000e+00
   423 3.500000e+00 -1.950000e+01 0.000000e+00 1.000000e+00
   424 3.500000e+00 -1.850000e+01 0.000000e+00 1.000000e+00
   425 3.500000e+00 -1.750000e+01 0.000000e+00 1.000000e+00
   426 3.500000e+00 -1.650000e+01 0.000000e+00 1.000000e+00
   427 3.500000e+00 -1.550000e+01 0.000000e+00 1.000000e+00
   428 3.500000e+00 -1.450000e+01 0.000000e+00 1.000000e+00
   429 3.500000e+00 -1.350000e+01 0.000000e+00 1.000000e+00
   430 3.500000e+00 -1.250000e+01 0.000000e+00 1.000000e+00
   431 3.500000e+00 -1.150000e+01 0.000000e+00 1.000000e+00
   432 3.500000e+00 -1.050000e+01 0.000000e+00 1.000000e+00
   433 3.500000e+00 -9.500000e+00 0.000000e+00 1.000000e+00
   434 3.500000e+00 -8.500000e+00 0.000000e+00 1.000000e+00
   435 3.500000e+00 -7.500000e+00 0.000000e+00 1.000000e+00
   436 3.500000e+00 -6.500000e+00 0.000000e+00 1.000000e+00
   437 3.500000e+00 -5.500000e+00 0.000000e+00 1.000000e+00
   438 3.500000e+00 -4.500000e+00 0.000000e+00 1.000000e+00
   439 3.500000e+00 -3.500000e+00 0.000000e+00 1.000000e+00
   440 3.500000e+00 -2.500000e+00 0.000000e+00 1.000000e+00
   441 3.500000e+00 -1.500000e+00 0.000000e+00 1.000000e+00
   442 3.500000e+00 -5.000000e-01 0.000000e+00 1.000000e+00
   443 3.500000e+00 5.000000e-01 0.000000e+00 1.000000e+00
   444 3.500000e+00 1.500000e+00 0.000000e+00 1.000000e+00
   445 3.500000e+00 2.500000e+00 0.000000e+00 1.000000e+00
   446 3.500000e+00 3.500000e+00 0.000000e+00 1.000000e+00
   447 3.500000e+00 4.500000e+00 0.000000e+00 1.000000e+00
   448 3.500000e+00 5.500000e+00 0.000000e+00 1.000000e+00
   449 3.500000e+00 6.500000e+00 0.000000e+00 1.000000e+00
   450 3.500000e+00 7.500000e+00 0.000000e+00 1.000000e+00
   451 3.500000e+00 8.500000e+00 0.000000e+00 1.000000e+00
   452 3.500000e+00 9.500000e+00 0.000000e+00 1.000000e+00
   453 3.500000e+00 1.050000e+01 0.000000e+00 1.000000e+00
   454 3.500000e+00 1.150000e+01 0.000000e+00 1.000000e+00
   455 3.500000e+00 1.250000e+01 0.000000e+00 1.000000e+00
   456 3.500000e+00 1.350000e+01 0.000000e+00 1.000000e+00
   457 3.500000e+00 1.450000e+01 0.000000e+00 1.000000e+00
   458 3.500000e+00 1.550000e+01 0.000000e+00 1.000000e+00
   459 3.500000e+00 1.650000e+01 0.000000e+00 1.000000e+00
   460 3.500000e+00 1.750000e+01 0.000000e+00 1.000000e+00
   461 3.500000e+00 1.850000e+01 0.000000e+00 1.000000e+00
   462 3.500000e+00 1.950000e+01 0.000000e+00 1.000000e+00
   463 3.500000e+00 2.050000e+01 0.000000e+00 1.000000e+00
   464 3.500000e+00 2.150000e+01 0.000000e+00 1.000000e+00
   465 3.500000e+00 2.250000e+01 0.000000e+00 1.000000e+00
   466 3.500000e+00 2.350000e+01 0.000000e+00 1.000000e+00
   467 3.500000e+00 2.450000e+01 0.000000e+00 1.000000e+00
   468 3.500000e+00 2.550000e+01 0.000000e+00 1.000000e+00
   469 4.500000e+00 -2.550000e+01 0.000000e+00 1.000000e+00
   470 4.500000e+00 -2.450000e+01 0.000000e+00 1.000000e+00
   471 4.500000e+00 -2.350000e+01 0.000000e+00 1.000000e+00
   472 4.500000e+00 -2.250000e+01 0.000000e+00 1.000000e+00
   473 4.500000e+00 -2.150000e+01 0.000000e+00 1.000000e+00
   474 4.500000e+00 -2.050000e+01 0.000000e+00 1.000000e+00
   475 4.500000e+00 -1.950000e+01 0.000000e+00 1.000000e+00
   476 4.500000e+00 -1.850000e+01 0.000000e+00 1.000000e+00
   477 4.500000e+00 -1.750000e+01 0.000000e+00 1.000000e+00
   478 4.500000e+00 -1.650000e+01 0.000000e+00 1.000000e+00
   479 4.500000e+00 -1.550000e+01 0.000000e+00 1.000000e+00
   480 4.500000e+00 -1.450000e+01 0.000000e+00 1.000000e+00
   481 4.500000e+00 -1.350000e+01 0.000000e+00 1.000000e+00
   482 4.500000e+00 -1.250000e+01 0.000000e+00 1.000000e+00
   483 4.500000e+00 -1.150000e+01 0.000000e+00 1.000000e+00
   484 4.500000e+00 -1.050000e+01 0.000000e+00 1.000000e+00
   485 4.500000e+00 -9.500000e+00 0.000000e+00 1.000000e+00
   486 4.500000e+00 -8.500000e+00 0.000000e+00 1.000000e+00
   487 4.500000e+00 -7.500000e+00 0.000000e+00 1.000000e+00
   488 4.500000e+00 -6.500000e+00 0.000000e+00 1.000000e+00
   489 4.500000e+00 -5.500000e+00 0.000000e+00 1.000000e+00
   490 4.500000e+00 -4.500000e+00 0.000000e+00 1.000000e+00
   491 4.500000e+00 -3.500000e+00 0.000000e+00 1.000000e+00
   492 4.500000e+00 -2.500000e+00 0.000000e+00 1.000000e+00
   493 4.500000e+00 -1.500000e+00 0.000000e+00 1.000000e+00
   494 4.500000e+00 -5.000000e-01 0.000000e+00 1.000000e+00
   495 4.500000e+00 5.000000e-01 0.000000e+00 1.000000e+00
   496 4.500000e+00 1.500000e+00 0.000000e+00 1.000000e+00
   497 4.500000e+00 2.500000e+00 0.000000e+00 1.000000e+00
   498 4.500000e+00 3.500000e+00 0.000000e+00 1.000000e+00
   499 4.500000e+00 4.500000e+00 0.000000e+00 1.000000e+00
   500 4.500000e+00 5.500000e+00 0.000000e+00 1.000000e+00
   501 4.500000e+00 6.500000e+00 0.000000e+00 1.000000e+00
   502 4.500000e+00 7.500000e+00 0.000000e+00 1.000000e+00
   503 4.500000e+00 8.500000e+00 0.000000e+00 1.000000e+00
   504 4.500000e+00 9.500000e+00 0.000000e+00 1.000000e+00
   505 4.500000e+00 1.050000e+01 0.000000e+00 1.000000e+00
   506 4.500000e+00 1.150000e+01 0.000000e+00 1.000000e+00
   507 4.500000e+00 1.250000e+01 0.000000e+00 1.000000e+00
   508 4.500000e+00 1.350000e+01 0.000000e+00 1.000000e+00
   509 4.500000e+00 1.450000e+01 0.000000e+00 1.000000e+00
   510 4.500000e+00 1.550000e+01 0.000000e+00 1.000000e+00
   511 4.500000e+00 1.650000e+01 0.000000e+00 1.000000e+00
   512 4.500000e+00 1.750000e+01 0.000000e+00 1.000000e+00
   513 4.500000e+00 1.850000e+01 0.000000e+00 1.000000e+00
   514 4.500000e+00 1.950000e+01 0.000000e+00 1.000000e+00
   515 4.500000e+00 2.050000e+01 0.000000e+00 1.000000e+00
   516 4.500000e+00 2.150000e+01 0.000000e+00 1.000000e+00
   517 4.500000e+00 2.250000e+01 0.000000e+00 1.000000e+00
   518 4.500000e+00 2.350000e+01 0.000000e+00 1.000000e+00
   519 4.500000e+00 2.450000e+01 0.000000e+00 1.000000e+00
   520 4.500000e+00 2.550000e+01 0.000000e+00 1.000000e+00
